$ANSIBLE_VAULT;1.1;AES256
31396664376662326134306531663765396264306165333032373365393736653233613862396665
6433346564323732393934376364383361356138376161350a303538393462343162653038636163
31663236613363643833646366636431633335336439653836333130313238613535356135613838
3238373035363235330a653064343137373338313039306465323535643631633830383661306366
63326237373431386337646666393661613933333731653234393533333238653163303937663038
30646638633631616536336330353139323561333339336230303034346664623162653134663930
66623063346436653765336566323165363764383665643330343639396233306463313264323132
32623261663938633265313339353164376364633734323030656537306133373436303962336335
31653338323334633862303035363766656338653266613036656231393861323864303035643663
37383235303339366336366465666462366365613534333262316136376630336332323133313961
66613936633235346566643837663632386335633338636361356465613539313738346134363936
36373033386538653034613662333730313766333766363233306637626533363962643365396265
64323163663062303633323632653737323632666637336437346239343637306261343838326462
34316337643064323230623437626163663465613365373138373637306136646532336461316336
39323939383434373639353366623939323164616365383263383164393834633966383666636133
62613435363564376533643533313565323830336365396131356466663434333439363234636434
62353032636462633162333363613062343066323232666262353263633831373635383666323337
35376665303038303134383339633432626462656564383061366434383739666435393364613365
30313536613130613762356635656165393165303539393764396433633934633935316535393531
66376632386564306337616638343732363337643033653764303936323432616636303339323838
62303066323434383263376662343265666665316233643966366466653061633764383238653635
39636663336337353465366565363332353064323737626665303330356338313637346131633137
64373239333463633762653737323766323166373862393635306162316538346235313462613637
37376436613430356363643763333833613331363461323461336636363533303665303661323563
36623938363535383562316663343333353437656532313930316230386161663030383837656132
36323830336239323037643437313632613537653561316462643064353638336239633938643562
65663939643834346665323735346262303234313536306332633161636133303363373239363662
36343564613430636635383561376262333832346261653131643832383239303031376238343333
37353839316234643061343936313363663561653737343030353966623730633032363562626265
34346337613361346561623937383265626530636239633763373431646661396235666364633863
62613237656461613064626466333333336634366632373135623061356232313365393433323863
35643532666437656333383139636336393130646665326265363235643630636566613530616632
62653862353532323262323765373064343532653131336261333166643334393535643832306535
31373936663065386531653030383165663362623466623735616333386462323065636237306264
39303439643339613237313138326564333664363033326264356633393136313730343132393036
39316630326232636664303034653634363666653265633632376136613265396531623938623765
31656538306234316633376463333465303232386233323833356632653331366134363466336635
62323235393265323935326562386261303936383237653266383830303030656233653734383631
36316161646631643731373639366563663634326236663663653265646161366339326131333735
66336365393737363535383763383666346561613530396239333331316562653564643364323236
61363833616538623939383832636466326135636338626139343336386338663466623862623430
35363731353137383661376431323036633866353062623330363364363031633663383164343831
37396432643064326361636562383363636562653537663566353037316130643530333835323761
61383265343635623764646634306561373364613338323737396635363933626137333835303939
39353435363735376633613839653234343937613865373066363137613238366132346335336532
30646633653565386565626334373964396263633164646364353663383235653864303439343563
31363361646430643864363861643933346233626239333138626165633033653966383365636237
34383137333765376634663233633134626235373862353865386432616664333539323965373738
36373733633339353138396136616631393635343737386333306131353339356638396633623937
62376233613337363766306461383164653036353835656462653830613766646636626262326439
63623631306635366465373166393865326635616330393035626630623262626130333837313536
39663834396332306239326531366461366262636433363865626261316431323663643061393261
36626232363834613432323764363265343964363631346531313631313464333236353166396365
32636231346361313231396632303030366363646632346133326430666637623530373833353635
33666664643032383830353366633431316435613535663866396538633532316262383662616466
64333261343033386633333236613532313930326466663539363534363135326665376630393265
30373532623234383264613033326365623066373832313433343561633536323539393966326433
61643730656639336666376332663231313234353131646434323531346563363261643032383033
63363765303438363463636430343737393466363932363931323763396334343562303939376564
30336630666237613136323764313661616633326565396565663766393361353338353832656131
32646139663862343333646566646266646634356461333263646639363336663630303338363837
30386234373630363865333138373634663932323136343636393563323464653137366562316631
38333730393438653737623033633863656231636639356132633737313665656537633666376566
30646534333531643937626461323564623233326362663936376166633130663239343664616365
37323337313237646239626537643032643963646136366235353934306339376636323532616439
39363665343161306462303366396161313734303162373834613833623733613763313964666231
34663638313963323462636436616466643163306432656136663438326365623631636331366139
61653038646331666462663234626263316163306561336238643064323534623864346533323366
64366161656337356132636232303336376130336239383661366138643134623232613833393736
63626333313866643965373439666139383765643666363035353663643638613531623238626565
37663965363835646337316236626163383961646561326565623866333661633132326331666635
38323034343364333032623439663763313135346337323539383533653139303063326539326130
66623738613130653032326461636436366365626162383330656335653264396631656638386465
30636666363734643164336630313037663630363435396136383064303064613836633131316331
30653639303139396436373534363230383739643233336466633030343937646637306338373134
34356234316233363633303839363637343630626539636661343832316236306634336162366163
30663230633662643133643966373131346365666430333765363634343866353161633839356530
35303036613363353362393361353765663738656430393039303836633061653531393064316261
62653065663938383136373165653532303663663862323733313634373731353465666634346234
31363266616565393361316532646563623835656634653435643361386638363736366534323432
63386233366536326261303136373130326137393238343262346666303763373434373433363130
30373238306263643839366439663639306537303966306636343062646530333665666633376165
37663131333262303763636364636339333864613434323963326436646630393261623066653463
64303135333031333132323663306435373930633939353135616137323032393436346637333363
38336165633363623030393730383937343161353239373839316634363236316561653636366333
63333238373731633230356632393435376431343466313132376336613331643861363537353735
65383632303439353032313032326435656437386230313137376237306337643935383839393465
65383466343765373531333431373561353565663239386131346636303234663265643836626130
33663464326365663332633330633238613461353163343763326632326431333262323934303662
63663932656136396664326539366437363730326265613537323831303538666336353139306436
30336230643038626537306634636666653539383631623635356435306131323231646533623264
35336437656433343235383032396237636639633330366431316461633661643065313134306664
65366235663633663961306466303936323266636237303533366438383562366130616564306564
37333661646636656538656464623732643835333736323635343538656632383266623937303634
66316432373839316137623234313262636531663463316166336536623462323065656632366464
66313730666439376632626534613837313536646265626364623863616234353362626631633465
62366566626133613963333233393633373061386330373234366131333863666335373563626364
32363035306532626263613334643039356262373930346237653337353530663334363064336266
31383032613033363365666139363631303963633832663464626633613937613231306430326231
36353066346161326133343838323034343139323364393537613761353364303332666634313965
64323666663839393135386362616538303265316338313031333431623438396464623734636265
62383766376136346239623337643439636464303463336632633964303766623564303266306166
34366233363538393333663761363233333062313430613236313930663730666430346334386630
31303634313863333061333165376261643166636562306463613831663737336638313361633364
66616236626137313532363037373464633764343837353264383530393465393062383663376264
37356231353164383839646434653934306665376237643833643236373963326434303063626139
35323035666232633734333437336330653139626662393235333338363765333633376436376462
38643533653165626562653836633462623361363934613436356530373436623839653539643362
39353133613738313661323666666465383033643838626237303736303662323138653135316364
63303762613665633438643662643532343535306561303339366662663230633035626439616630
34323630303737373932346137313963643233383361303539636661633234626434653765663164
36633130313930626163303237653865393761303836663235613263373966626436373633353936
66653065623562356131626562616336653333613164353831636661383733343764623634666432
38326664633261343839323466323665386262326530623232333263376537663761366337323562
31636165383266646466643439383238316236323636353364343036626564626432343738643032
62626661353966363534353034663238383736336135643334623164323365383433386639663430
37323036316334386566303166313065306663396635613933313332393137353663343663613465
32316465343136366665656337343331666638336337396464343834363364376564636433346631
33343334336632373931363939316634646464636630346566323838633835643232353732383263
61626331633237656530633062366266343935353236336339663533646262646636306462383636
35613037303931663265613364396462356565633566626465303465323938613838643338623963
33333832313733626436623931646439313034386564353463386530303063613663336363363665
34346635333039303866376564373635613464376236323562313064366239303535316533643262
63346662313630343366333261393535313063353435653033323737623731353366306261633033
37646533366232393030303333636436656465323466303064663961316630333234336234343635
66303431353562376138663334616232623030666233633533303366316630353164316435613234
31393132636635616162303061386239633332353935363863313234323263336333613661666463
37323331643563333436666538353432663632306165363431353062386633366437623062353238
34363533306637393666633837303138333939633034623965636462383236303562353937363165
30633732336334643037306636376461653663373764666262306664376463393462353861623738
32366430336536333031343735336531353439613334373136313832643966336534613634333061
35326135356239323862396161353062353662653766643266666263343933623438646537313462
64323538336134303461346433386365333338646134623332323730306539363065
